type: pick
vec_pos:
  abb_yumi_base_link: [0.555, -0.173, 0.023]
  banana: [-0.004, 0.009, -0.013]
  bowl: [0.047, -0.025, -0.217]
vec_quat:
  abb_yumi_base_link: [0.9518731953337206, -0.30516711264804536, -0.011563690526054066,
    -0.026014119716902078]
  banana: [0.9962294346523904, 0.0716537880268281, -0.03784966076488903, -0.030984695795951388]
  bowl: [0.9518734228192183, -0.3051664852421369, -0.011564638175032784, -0.026012734559578192]
