type: drop
vec_pos:
  abb_yumi_base_link: [0.506, 0.121, 0.054]
  banana: [0.337, -0.454, 0.018]
  bowl: [0.01, -0.024, 0.04]
vec_quat:
  abb_yumi_base_link: [0.8487260121140561, -0.5282533998579761, -0.02139215079728207,
    0.012444990306413335]
  banana: [0.8128349176956139, 0.5819681246569574, 0.003310736235968275, 0.024526261101205586]
  bowl: [0.8487269045855577, -0.5282519688776793, -0.02139235486276612, 0.012444515374190692]
