type: pick
vec_pos:
  abb_yumi_base_link: [0.411, -0.272, 0.019]
  banana: [0.005, -0.029, -0.02]
  bowl: [-0.135, 0.181, 0.006]
vec_quat:
  abb_yumi_base_link: [-0.5405309304100134, 0.8396858138181797, 0.04004180135740405,
    -0.033921991195102745]
  banana: [-0.17805249914471147, 0.9826206048708613, 0.04997479635466498, -0.016017932477539822]
  bowl: [0.21153314242021415, 0.9759609038253149, 0.05230038186366574, 0.004325958762941956]
