type: drop
vec_pos:
  abb_yumi_base_link: [0.564, -0.159, 0.045]
  banana: [-0.069, 0.021, -0.007]
  bowl: [-0.025, 0.029, 0.036]
vec_quat:
  abb_yumi_base_link: [-0.5538740919477843, 0.8301552185886641, 0.02838281068001602,
    -0.057098330771810486]
  banana: [0.5550077051147927, 0.8293977089555269, 0.06361427381747745, 0.004371705526396952]
  bowl: [0.1953634893365503, 0.9786558226445392, 0.060444905165591145, -0.020305203217663912]
