type: pick
vec_pos:
  abb_yumi_base_link: [0.465, -0.158, 0.019]
  banana: [0.007, -0.003, 0.003]
  bowl: [-0.17, -0.475, -0.054]
vec_quat:
  abb_yumi_base_link: [0.7515491358305315, -0.6594926812413373, 0.009799263584969839,
    0.012135660455261472]
  banana: [0.7515485768048812, -0.6594933329102662, 0.0097999524133353, 0.012134310123072015]
  bowl: [0.9467175225112231, -0.3216871960283668, 0.013697576789529757, 0.007460353323666655]
