type: drop
vec_pos:
  abb_yumi_base_link: [0.518, 0.154, 0.064]
  banana: [0.071, -0.028, -0.005]
  bowl: [0.084, 0.004, 0.092]
vec_quat:
  abb_yumi_base_link: [0.9977133185650314, 0.02996975901982583, 0.03567305920693271,
    -0.04896305085535691]
  banana: [0.7626301144032763, -0.646208139575724, -0.000729119362331457, -0.02845728968617504]
  bowl: [-0.5627118457522591, 0.8247899403671513, 0.003750290183018072, 0.05534318605556067]
